2 0.5352734051887775 0.2295690936106984 0.12184123919214175 0.03714710252600278
1 0.8047830718160557 0.03194650817236254 0.18138178002713587 0.037147102526002965
0 0.635427692421153 0.22956909361069847 0.061906390139696545 0.03714710252600282
0 0.9674352115143031 0.03194650817236254 0.043768212136982516 0.03714710252600298
0 0.8039944553811548 0.10252600297176821 0.07097547914105377 0.03120356612184248
0 0.8771386297181847 0.1025260029717682 0.06821532161890197 0.031203566121842528
0 0.9524514992511915 0.1025260029717682 0.07215840379340425 0.031203566121842524
0 0.6977283907783002 0.3792719167904902 0.038247897092678555 0.02451708766716225
0 0.7387364453931308 0.3792719167904903 0.039036513527579475 0.02600297176820213
0 0.7927566711838214 0.3803863298662703 0.06348362300949782 0.028231797919762297
0 0.7196124968467913 0.4089895988112927 0.08043887635986043 0.02748885586924217
0 0.19025371491976814 0.22994056463595838 0.059540540834994785 0.03491827637444281
2 0.5120092203592103 0.22994056463595838 0.03588204778797696 0.017087667161961376
2 0.7696896404629792 0.0338038632986627 0.07334132844575507 0.015601783060921241
