0 0.6373995092867282 0.02880354505169866 0.0350934465366647 0.02363367799113738
0 0.7066006313899267 0.030280649926144775 0.06545519241670077 0.01772525849335303
0 0.7799419915676756 0.030280649926144737 0.045739773014080505 0.019202363367799128
0 0.8532833517454245 0.02991137370753323 0.06545519241670202 0.022895125553914333
0 0.924653169982912 0.02880354505169867 0.05204870722291814 0.04283604135893649
0 0.9674695579856761 0.028434268833087133 0.04928854850655222 0.042097488921713416
0 0.7763932160752038 0.22156573116691297 0.04968285689460432 0.047267355982274724
0 0.8627467530586825 0.4272525849335303 0.059146258207862505 0.027326440177252637
0 0.19183103078749963 0.22230428360413587 0.06742673435696286 0.04874446085672085
0 0.2087862914737535 0.6646971935007389 0.10212587250557532 0.03988183161004364
1 0.3343735130684473 0.02917282127031019 0.09778848023699878 0.039143279172821274
2 0.3099263930091978 0.029172821270310196 0.03312190459640288 0.0155096011816839
