1 0.49844789356984476 0.13118994826311905 0.17698940625769893 0.04951958610495202
1 0.33367824587336775 0.029194382852919434 0.0981522542498153 0.04065040650406503
0 0.6375954668637592 0.03030303030303031 0.031929046563193404 0.022172949002217304
0 0.7061837891106183 0.031042128603104208 0.06425227888642523 0.01773835920177385
0 0.7798965262379896 0.030303030303030304 0.04296624784429673 0.020694752402069475
0 0.8534121704853416 0.02956393200295639 0.06464646464646392 0.02069475240206946
0 0.9249568859324954 0.029194382852919438 0.05400344912540042 0.04212860310421286
0 0.9673318551367334 0.02919438285291943 0.048090662724808594 0.04212860310421284
0 0.2826311899482632 0.7394678492239464 0.11037201281103698 0.036215816703621895
2 0.31042128603104213 0.030303030303030304 0.03271741808327169 0.0147819660014782
2 0.4363636363636364 0.13229859571322986 0.028381374722838117 0.019216555801921657
