0 0.6486326681448632 0.31522542498152256 0.09342202512934243 0.045084996304508455
0 0.7448139935944815 0.3148558758314855 0.09421039664942098 0.04434589800443469
0 0.6490268539049028 0.3617886178861789 0.09342202512934192 0.043606799704360676
0 0.7448139935944817 0.36178861788617894 0.09263365360926298 0.043606799704360634
0 0.6476472037447648 0.5713229859571323 0.09145109632914479 0.0428677014042867
0 0.7412663217541267 0.571322985957132 0.09184528208918415 0.042867701404286945
1 0.9588568612958861 0.9619364375461933 0.06267553584626769 0.05099778270509961
1 0.6943582163094356 0.4623059866962306 0.1856614929785666 0.04212860310421315
1 0.6941611234294163 0.5081300813008133 0.18526730721852666 0.043606799704360606
2 0.6174919931017492 0.4634146341463415 0.020103473762010396 0.013303769401330356
2 0.6239960581423997 0.5099778270509977 0.03232323232323239 0.016260162601626008
