0 0.69255025620812 0.25974474908156736 0.0528182893180921 0.03492990903242824
0 0.7564052029956643 0.25862996475074523 0.06858494284588118 0.03418671947854671
0 0.8218368151359872 0.25974474908156725 0.05281828931809208 0.03492990903242825
0 0.7796610169491526 0.2129238071870359 0.04099329917225077 0.03047077170913951
0 0.8277493102089082 0.21589656540256172 0.05045329128892405 0.024525255278087882
0 0.8015372487189594 0.10181696888175885 0.06976744186046527 0.031213961263020992
0 0.8744580212849823 0.10256015843564031 0.06819077650768661 0.0297275821552581
0 0.9495467087110759 0.10181696888175885 0.0733149389042178 0.031213961263021017
0 0.964525029562475 0.032328745593843126 0.04256996452503012 0.03641628814019112
1 0.8013401655498622 0.03195715081690242 0.17973985021679165 0.03567309858630968
2 0.7672447772960189 0.03381512470160605 0.07292077256602283 0.014120601523747577
1 0.4081592432006307 0.2586299647507449 0.5080804099329914 0.03567309858630955
2 0.6519511233740638 0.2593731543046266 0.01891998423334627 0.032700340370783856
