0 0.24182104848245964 0.11768615192820672 0.07055577453685453 0.02153248205626501
0 0.3074497437918803 0.11694365254695621 0.05281828931809215 0.02153248205626496
0 0.3663776113519905 0.11731490223758144 0.05715411903823435 0.02227498143751551
0 0.42924714229404803 0.11805740161883196 0.06385494678754428 0.022274981437515433
0 0.49783208513992905 0.11842865130945725 0.06779661016949155 0.023017480818765996
0 0.8896334253054782 0.06199869833441806 0.022861647615295078 0.027472477106269114
0 0.9324004729996055 0.061998698334418074 0.04138746551044606 0.027472477106269082
0 0.9773354355538038 0.06162744864379281 0.04138746551044527 0.028214976487519604
0 0.9469846275128099 0.11731490223758144 0.055577453685455226 0.03415497153752383
0 0.8429247142294051 0.11768615192820674 0.10681907765076809 0.03638246968127525
0 0.7012219156484035 0.11731490223758151 0.16870319274733978 0.03563997030002468
2 0.7908947575877019 0.019304983912513406 0.20693732755222713 0.03563997030002475
2 0.19038234134804888 0.11917115069070779 0.01576665352778875 0.01113749071875775
1 0.37091052424122994 0.1176861519282066 0.38628301143082344 0.036382469681275315
2 0.7428064643279464 0.020418732984389183 0.07449743791880166 0.015592487006260829
