0 0.1555561801261633 0.025185185185185182 0.07058189161618054 0.03259259259259259
0 0.2287011013261716 0.028518518518518516 0.06072408552453524 0.03333333333333333
0 0.8114945974642432 0.0951851851851852 0.04337434680323979 0.022962962962962904
0 0.45838798326150754 0.31962962962962976 0.1037041200841093 0.04814814814814792
0 0.5551916390814648 0.32 0.08280557116982065 0.04740740740740718
0 0.14609268627818373 0.5848148148148146 0.03982553661024713 0.03481481481481498
0 0.4053529864884558 0.5848148148148148 0.03943122436658139 0.034814814814814805
0 0.4595709199925052 0.5844444444444441 0.055598026356879625 0.0340740740740745
0 0.6644161305768952 0.5848148148148143 0.04021984885391274 0.034814814814815374
0 0.7188312202027772 0.5848148148148149 0.055992338600545574 0.034814814814814556
0 0.1458955301563508 0.8314814814814815 0.039431224366581405 0.03481481481481483
0 0.20011346366040017 0.8311111111111112 0.055598026356879666 0.034074074074073854
0 0.40515583036662284 0.831111111111111 0.04061416109757874 0.03555555555555523
0 0.4595709199925053 0.8314814814814815 0.05559802635687957 0.0348148148148151
0 0.6644161305768947 0.8314814814814815 0.039431224366581565 0.03481481481481486
0 0.7188312202027776 0.8311111111111111 0.055992338600545324 0.032592592592592604
1 0.6275479357941416 0.09555555555555557 0.2787787562717295 0.04888888888888888
2 0.5496712676701435 0.09555555555555557 0.11277330168842262 0.017777777777777767
