0 0.9751675206937322 0.08949051365986607 0.03310997240835677 0.03430469690294866
0 0.8673630271974779 0.08986339080011549 0.09814741821048491 0.03654195974444533
0 0.9682696097753251 0.1819640444417277 0.046905794245171134 0.037287714024944206
2 0.7156089869925109 0.32030146347427063 0.08474576271186468 0.03654195974444548
0 0.24103271580607014 0.18196404444172776 0.02640914465904615 0.022372628414966515
0 0.3632242806464329 0.18233692158197726 0.02640914465904602 0.02311838269546542
0 0.8833267638943636 0.5485022733069291 0.08986992510839613 0.027592908378458837
1 0.7975955853370116 0.017152348451474342 0.20536066219944835 0.03430469690294862
2 0.6828931809223487 0.18904871010646715 0.10130074891604236 0.03654195974444532
1 0.6828931809223496 0.26026824389411035 0.1020890815924316 0.03728771402494416
2 0.8726842727631056 0.13908317331304176 0.11509657075285805 0.03654195974444537
0 0.7327552227039811 0.09023626794036495 0.15608986992510832 0.035796205463946434
2 0.6373669688608593 0.23118382695465403 0.011036657469451842 0.013423577048979889
2 0.6417027985810012 0.15959141602676116 0.016554986204178092 0.01193206848798214
2 0.8709105242412299 0.14020180473379018 0.07686243594796992 0.016406594170975477
2 0.748127709893575 0.017898102731973214 0.07567993693338593 0.01491508560997768
