2 0.28841460056475676 0.033682634730538924 0.06190169827568944 0.017964071856287435
2 0.1277461798810406 0.23091317365269462 0.07412432659764084 0.02020958083832337
2 0.12754904071455753 0.3065119760479042 0.07451860493060701 0.017215568862275498
1 0.3511048555063785 0.03255988023952094 0.22907571145334762 0.036676646706586824
1 0.16697687401117506 0.23016467065868276 0.1636255081809626 0.0381736526946108
0 0.16677973484469186 0.3050149700598801 0.1640197865139285 0.03817365269461073
0 0.16697687401117497 0.6553143712574852 0.1573170548535037 0.03517964071856298
0 0.16697687401117497 0.3937125748502993 0.1628369515150302 0.03592814371257473
0 0.4833852362165302 0.03181137724550898 0.04021638996254978 0.035179640718562874
0 0.8502612250415557 0.15419161676646706 0.02168530831313973 0.02544910179640718
0 0.8268016642300683 0.819236526946108 0.05835319327899368 0.0486526946107789
0 0.8881119450063085 0.8192365269461078 0.06032458494382482 0.04715568862275461
