0 0.26823019314150565 0.392341486279367 0.04927079227433989 0.0469468445120612
0 0.32518722901064245 0.393459268291559 0.058336618052818444 0.04471128048767706
0 0.3787938510051241 0.393086674287495 0.04493496255419789 0.048437220528316866
0 0.26862435947970037 0.454192090953987 0.04848245959795046 0.043966092479549204
0 0.3267638943634213 0.45381949694992324 0.05991328340559713 0.04471128048767721
0 0.38234134804887654 0.45419209095398755 0.044146629877808444 0.04396609247954927
0 0.2676389436342137 0.5149249136164151 0.04808829325975559 0.04322090447142151
0 0.3247930626724479 0.5141797256082871 0.05912495072920772 0.04322090447142173
0 0.3791880173433188 0.5138071316042235 0.042569964525029924 0.04247571646329321
0 0.28182893180922347 0.6445876270306791 0.034686637761135196 0.06408616869900369
0 0.3602680331099723 0.6434698450184871 0.03310997240835636 0.06185060467462008
0 0.2816318486401261 0.7142627057906425 0.024832479306267193 0.04545646849580516
0 0.3600709499408752 0.7127723297743865 0.023255813953488285 0.04247571646329344
0 0.2816318486401261 0.7817022205262221 0.06030744974379188 0.061105416666492676
0 0.3608592826172645 0.7813296265221584 0.0697674418604651 0.06185060467461993
0 0.43988963342530524 0.7805844385140301 0.05439495467087134 0.061850604674620085
2 0.2674418604651163 0.393459268291559 0.020890815924320023 0.016394136178814946
2 0.3249901458415452 0.39383186229562306 0.0319274733937722 0.014158572154431113
2 0.37918801734331886 0.3934592682915591 0.016554986204178165 0.014903760162559081
2 0.2682301931415057 0.4541920909539872 0.020890815924320093 0.01564894817068705
2 0.326566811194324 0.45381949694992324 0.03113914071738268 0.01639413617881502
2 0.3817500985415846 0.4534469029458592 0.016160819865983386 0.01564894817068705
2 0.26763894363421364 0.5152975076204793 0.02128498226251473 0.012668196138175176
2 0.3247930626724478 0.5149249136164153 0.030744974379187974 0.016394136178814876
2 0.3789909341742215 0.5152975076204793 0.01694915254237287 0.01564894817068691
2 0.2897122585731179 0.7820748145302864 0.019708316909735898 0.01564894817068691
2 0.36854552621206155 0.7817022205262225 0.029956641702798593 0.014903760162558939
2 0.44737879385100515 0.7817022205262224 0.014978320851399331 0.013413384146303144
